Total 1225448 bigrams
Table of frequincies (in percents):
      а    б    в    г    д    е    ж    з    и    к    л    м    й    н    о    п    р    с    т    у    ф    х    ц    ч    ш    щ    ъ    ы    ь    э    ю    я     
а  0.00 0.04 0.33 0.10 0.18 0.13 0.18 0.32 0.03 0.54 0.77 0.32 0.08 0.33 0.00 0.07 0.18 0.51 0.38 0.00 0.01 0.08 0.00 0.08 0.09 0.02 0.00 0.00 0.00 0.00 0.09 0.18 1.59
б  0.05 0.00 0.00 0.00 0.00 0.23 0.00 0.00 0.06 0.01 0.06 0.01 0.00 0.02 0.18 0.00 0.09 0.02 0.00 0.12 0.00 0.00 0.00 0.00 0.00 0.02 0.01 0.40 0.00 0.00 0.00 0.05 0.04
в  0.59 0.00 0.00 0.02 0.08 0.54 0.00 0.04 0.31 0.01 0.09 0.01 0.00 0.17 0.61 0.04 0.05 0.37 0.02 0.05 0.00 0.00 0.00 0.01 0.07 0.00 0.00 0.30 0.01 0.00 0.00 0.02 0.52
г  0.11 0.00 0.00 0.00 0.11 0.08 0.00 0.00 0.05 0.00 0.16 0.00 0.00 0.02 0.84 0.00 0.05 0.00 0.00 0.04 0.00 0.00 0.00 0.00 0.00 0.00 0.00 0.00 0.00 0.00 0.00 0.00 0.10
д  0.53 0.00 0.07 0.00 0.00 0.44 0.00 0.00 0.22 0.02 0.06 0.00 0.00 0.19 0.38 0.01 0.15 0.03 0.02 0.15 0.00 0.01 0.03 0.01 0.01 0.00 0.00 0.05 0.09 0.00 0.00 0.02 0.08
е  0.00 0.14 0.20 0.32 0.29 0.16 0.07 0.13 0.01 0.13 0.53 0.43 0.22 0.76 0.03 0.13 0.59 0.43 0.57 0.01 0.00 0.06 0.04 0.12 0.09 0.08 0.00 0.00 0.00 0.00 0.03 0.03 1.93
ж  0.13 0.00 0.00 0.00 0.08 0.48 0.00 0.00 0.13 0.00 0.00 0.00 0.00 0.07 0.00 0.00 0.00 0.00 0.00 0.02 0.00 0.00 0.00 0.00 0.00 0.00 0.00 0.00 0.00 0.00 0.00 0.00 0.05
з  0.48 0.01 0.10 0.04 0.06 0.02 0.00 0.00 0.04 0.01 0.02 0.02 0.00 0.19 0.04 0.00 0.02 0.00 0.00 0.03 0.00 0.00 0.00 0.00 0.00 0.00 0.00 0.03 0.13 0.00 0.02 0.05 0.12
и  0.01 0.06 0.22 0.04 0.15 0.17 0.02 0.19 0.05 0.14 0.53 0.24 0.10 0.32 0.03 0.07 0.04 0.21 0.42 0.00 0.00 0.13 0.07 0.16 0.06 0.01 0.00 0.00 0.00 0.00 0.03 0.11 1.72
к  0.62 0.00 0.02 0.00 0.00 0.05 0.00 0.00 0.18 0.00 0.04 0.00 0.00 0.23 0.78 0.00 0.15 0.03 0.05 0.10 0.00 0.00 0.00 0.00 0.00 0.00 0.00 0.00 0.00 0.00 0.00 0.00 0.46
л  0.57 0.00 0.00 0.02 0.00 0.37 0.03 0.00 0.65 0.02 0.01 0.00 0.00 0.02 0.51 0.01 0.00 0.15 0.00 0.13 0.00 0.00 0.00 0.02 0.00 0.00 0.00 0.07 0.36 0.00 0.09 0.15 0.68
м  0.22 0.00 0.00 0.01 0.00 0.42 0.00 0.00 0.22 0.01 0.01 0.00 0.00 0.17 0.37 0.01 0.01 0.01 0.01 0.22 0.00 0.00 0.00 0.01 0.00 0.00 0.00 0.08 0.01 0.00 0.00 0.04 0.77
й  0.00 0.00 0.00 0.00 0.02 0.00 0.00 0.00 0.00 0.01 0.00 0.00 0.00 0.05 0.00 0.00 0.00 0.05 0.04 0.00 0.00 0.00 0.01 0.02 0.02 0.00 0.00 0.00 0.00 0.00 0.00 0.00 0.60
н  1.00 0.00 0.00 0.00 0.03 1.12 0.00 0.00 0.70 0.03 0.00 0.00 0.00 0.25 1.05 0.00 0.01 0.03 0.03 0.23 0.00 0.00 0.02 0.03 0.00 0.01 0.00 0.25 0.11 0.00 0.02 0.35 0.35
о  0.00 0.32 0.71 0.48 0.43 0.21 0.25 0.09 0.07 0.18 0.51 0.52 0.27 0.55 0.02 0.12 0.47 0.56 0.64 0.01 0.03 0.03 0.01 0.25 0.08 0.02 0.00 0.00 0.00 0.00 0.06 0.06 2.45
п  0.13 0.00 0.00 0.00 0.00 0.21 0.00 0.00 0.08 0.01 0.04 0.00 0.00 0.01 0.89 0.05 0.69 0.00 0.01 0.05 0.00 0.00 0.00 0.00 0.00 0.00 0.00 0.02 0.01 0.00 0.00 0.05 0.00
р  0.66 0.01 0.04 0.01 0.07 0.51 0.02 0.00 0.44 0.02 0.01 0.02 0.00 0.06 0.68 0.01 0.01 0.01 0.04 0.23 0.01 0.01 0.00 0.01 0.03 0.00 0.00 0.09 0.09 0.00 0.02 0.10 0.06
с  0.19 0.01 0.12 0.00 0.02 0.44 0.00 0.00 0.13 0.32 0.29 0.12 0.00 0.09 0.25 0.17 0.01 0.07 0.97 0.06 0.00 0.02 0.00 0.04 0.01 0.00 0.00 0.02 0.33 0.00 0.02 0.38 0.36
т  0.59 0.00 0.22 0.00 0.01 0.55 0.00 0.00 0.36 0.03 0.03 0.00 0.00 0.09 1.46 0.01 0.24 0.11 0.01 0.14 0.00 0.00 0.01 0.03 0.00 0.00 0.00 0.12 0.65 0.00 0.00 0.05 0.58
у  0.00 0.05 0.07 0.14 0.16 0.02 0.16 0.03 0.00 0.06 0.10 0.13 0.01 0.02 0.00 0.05 0.05 0.10 0.15 0.00 0.00 0.03 0.00 0.08 0.05 0.02 0.00 0.00 0.00 0.00 0.07 0.00 0.63
ф  0.02 0.00 0.00 0.00 0.00 0.03 0.00 0.00 0.05 0.00 0.00 0.00 0.00 0.00 0.01 0.00 0.01 0.00 0.00 0.01 0.00 0.00 0.00 0.00 0.00 0.00 0.00 0.00 0.02 0.00 0.00 0.00 0.00
х  0.04 0.00 0.02 0.00 0.00 0.01 0.00 0.00 0.01 0.00 0.01 0.01 0.00 0.01 0.22 0.00 0.01 0.00 0.00 0.01 0.00 0.00 0.00 0.00 0.00 0.00 0.00 0.00 0.00 0.00 0.00 0.00 0.26
ц  0.06 0.00 0.00 0.00 0.00 0.07 0.00 0.00 0.01 0.01 0.00 0.00 0.00 0.00 0.02 0.00 0.00 0.00 0.00 0.01 0.00 0.00 0.00 0.00 0.00 0.00 0.00 0.02 0.00 0.00 0.00 0.00 0.04
ч  0.28 0.00 0.00 0.00 0.00 0.40 0.00 0.00 0.16 0.02 0.00 0.00 0.00 0.09 0.01 0.00 0.03 0.00 0.46 0.07 0.00 0.00 0.00 0.00 0.01 0.00 0.00 0.00 0.02 0.00 0.00 0.00 0.05
ш  0.09 0.00 0.01 0.00 0.00 0.21 0.00 0.00 0.14 0.05 0.05 0.00 0.00 0.03 0.02 0.00 0.00 0.00 0.00 0.03 0.00 0.00 0.00 0.00 0.00 0.00 0.00 0.00 0.04 0.00 0.00 0.00 0.01
щ  0.03 0.00 0.00 0.00 0.00 0.14 0.00 0.00 0.05 0.00 0.00 0.00 0.00 0.00 0.00 0.00 0.00 0.00 0.00 0.01 0.00 0.00 0.00 0.00 0.00 0.00 0.00 0.00 0.00 0.00 0.00 0.00 0.01
ъ  0.00 0.00 0.00 0.00 0.00 0.00 0.00 0.00 0.00 0.00 0.00 0.00 0.00 0.00 0.00 0.00 0.00 0.00 0.00 0.00 0.00 0.00 0.00 0.00 0.00 0.00 0.00 0.00 0.00 0.00 0.00 0.01 0.00
ы  0.00 0.01 0.08 0.01 0.02 0.06 0.00 0.00 0.00 0.02 0.19 0.09 0.13 0.03 0.00 0.01 0.02 0.07 0.09 0.00 0.00 0.08 0.00 0.03 0.04 0.01 0.00 0.00 0.00 0.00 0.00 0.00 0.45
ь  0.00 0.01 0.00 0.01 0.00 0.06 0.00 0.01 0.01 0.12 0.00 0.03 0.00 0.13 0.00 0.00 0.00 0.09 0.02 0.00 0.00 0.00 0.01 0.01 0.04 0.00 0.00 0.00 0.00 0.00 0.03 0.04 1.24
э  0.00 0.00 0.00 0.00 0.00 0.00 0.00 0.00 0.00 0.00 0.00 0.00 0.00 0.00 0.00 0.00 0.00 0.00 0.28 0.00 0.00 0.00 0.00 0.00 0.00 0.00 0.00 0.00 0.00 0.00 0.00 0.00 0.00
ю  0.00 0.04 0.00 0.00 0.03 0.00 0.00 0.00 0.00 0.00 0.00 0.00 0.00 0.00 0.00 0.00 0.00 0.02 0.03 0.00 0.00 0.00 0.00 0.01 0.00 0.02 0.00 0.00 0.00 0.00 0.00 0.00 0.32
я  0.00 0.00 0.02 0.00 0.05 0.01 0.01 0.19 0.00 0.02 0.08 0.03 0.00 0.05 0.00 0.00 0.00 0.05 0.15 0.00 0.00 0.01 0.01 0.02 0.00 0.01 0.00 0.00 0.00 0.00 0.01 0.01 1.22
   0.24 0.67 1.67 0.37 0.75 0.40 0.22 0.43 1.16 0.91 0.27 0.61 0.00 1.61 1.03 1.48 0.38 1.52 0.84 0.47 0.08 0.14 0.03 0.66 0.06 0.01 0.00 0.00 0.00 0.28 0.00 0.28 0.00
Entropy of the text: 3.95 bit/symbol