Total 509736 bigrams
Table of frequincies (in percents):
      а    б    в    г    д    е    ж    з    и    к    л    м    й    н    о    п    р    с    т    у    ф    х    ц    ч    ш    щ    ъ    ы    ь    э    ю    я
а  0.05 0.10 0.59 0.16 0.30 0.22 0.23 0.42 0.16 0.77 0.98 0.45 0.09 0.59 0.12 0.25 0.25 0.76 0.55 0.05 0.02 0.10 0.01 0.16 0.12 0.02 0.00 0.00 0.00 0.03 0.11 0.26
б  0.06 0.00 0.01 0.00 0.00 0.28 0.00 0.00 0.08 0.01 0.08 0.01 0.00 0.03 0.22 0.00 0.11 0.02 0.00 0.15 0.00 0.00 0.00 0.00 0.00 0.02 0.02 0.48 0.00 0.01 0.00 0.06
в  0.71 0.02 0.04 0.05 0.12 0.66 0.00 0.06 0.39 0.06 0.11 0.03 0.00 0.26 0.77 0.12 0.08 0.54 0.07 0.07 0.00 0.01 0.00 0.03 0.08 0.00 0.00 0.37 0.01 0.04 0.00 0.02
г  0.13 0.00 0.01 0.00 0.14 0.10 0.00 0.01 0.06 0.01 0.19 0.01 0.00 0.04 1.02 0.01 0.07 0.01 0.00 0.05 0.00 0.00 0.00 0.00 0.00 0.00 0.00 0.00 0.00 0.00 0.00 0.00
д  0.64 0.00 0.09 0.00 0.01 0.52 0.00 0.01 0.26 0.04 0.07 0.01 0.00 0.24 0.45 0.01 0.19 0.04 0.03 0.19 0.00 0.01 0.04 0.01 0.01 0.00 0.00 0.06 0.10 0.00 0.00 0.03
е  0.03 0.27 0.48 0.42 0.45 0.23 0.12 0.24 0.16 0.26 0.68 0.61 0.27 1.09 0.17 0.38 0.77 0.74 0.79 0.09 0.01 0.10 0.05 0.22 0.12 0.10 0.00 0.00 0.00 0.05 0.03 0.06
ж  0.15 0.01 0.00 0.00 0.10 0.59 0.00 0.00 0.16 0.01 0.00 0.00 0.00 0.09 0.01 0.01 0.00 0.01 0.01 0.03 0.00 0.00 0.00 0.00 0.00 0.00 0.00 0.00 0.00 0.00 0.00 0.00
з  0.58 0.02 0.13 0.05 0.09 0.03 0.01 0.01 0.05 0.02 0.03 0.04 0.00 0.25 0.06 0.02 0.03 0.02 0.01 0.04 0.00 0.00 0.00 0.01 0.00 0.00 0.00 0.04 0.17 0.00 0.02 0.07
и  0.03 0.16 0.51 0.09 0.30 0.25 0.05 0.28 0.17 0.27 0.68 0.34 0.12 0.60 0.16 0.29 0.09 0.45 0.62 0.06 0.02 0.17 0.09 0.26 0.08 0.02 0.00 0.00 0.00 0.03 0.03 0.17
к  0.76 0.06 0.06 0.01 0.02 0.06 0.01 0.01 0.26 0.04 0.06 0.02 0.00 0.33 0.98 0.03 0.18 0.08 0.09 0.13 0.00 0.00 0.00 0.02 0.00 0.00 0.00 0.00 0.00 0.01 0.00 0.01
л  0.70 0.03 0.08 0.05 0.03 0.49 0.04 0.02 0.84 0.10 0.03 0.02 0.00 0.09 0.68 0.06 0.02 0.24 0.03 0.18 0.00 0.00 0.00 0.07 0.00 0.00 0.00 0.08 0.43 0.01 0.11 0.20
м  0.29 0.03 0.09 0.03 0.05 0.53 0.02 0.02 0.34 0.05 0.03 0.03 0.00 0.29 0.50 0.10 0.03 0.11 0.05 0.30 0.00 0.01 0.00 0.05 0.00 0.00 0.00 0.10 0.01 0.01 0.00 0.06
й  0.01 0.02 0.06 0.02 0.06 0.01 0.02 0.01 0.08 0.05 0.01 0.04 0.00 0.11 0.03 0.07 0.03 0.13 0.08 0.01 0.01 0.00 0.01 0.05 0.03 0.00 0.00 0.00 0.00 0.01 0.00 0.01
н  1.19 0.03 0.04 0.01 0.05 1.35 0.00 0.01 0.87 0.05 0.01 0.01 0.00 0.34 1.28 0.04 0.02 0.08 0.07 0.29 0.01 0.00 0.02 0.05 0.00 0.01 0.00 0.30 0.14 0.00 0.02 0.43
о  0.03 0.54 1.17 0.62 0.63 0.33 0.36 0.18 0.25 0.35 0.64 0.74 0.33 0.93 0.24 0.39 0.64 0.95 0.93 0.11 0.05 0.06 0.02 0.42 0.11 0.02 0.00 0.00 0.00 0.05 0.07 0.15
п  0.15 0.00 0.00 0.00 0.00 0.26 0.00 0.00 0.10 0.01 0.05 0.00 0.00 0.01 1.06 0.06 0.85 0.00 0.02 0.07 0.00 0.00 0.00 0.00 0.00 0.00 0.00 0.02 0.01 0.00 0.00 0.06
р  0.80 0.02 0.05 0.02 0.09 0.61 0.03 0.01 0.53 0.02 0.01 0.03 0.00 0.07 0.82 0.02 0.01 0.02 0.05 0.28 0.01 0.01 0.00 0.01 0.04 0.00 0.00 0.11 0.11 0.00 0.02 0.12
с  0.23 0.02 0.18 0.02 0.04 0.53 0.03 0.01 0.17 0.42 0.36 0.16 0.00 0.17 0.31 0.24 0.03 0.12 1.19 0.09 0.00 0.03 0.01 0.06 0.02 0.00 0.00 0.02 0.39 0.01 0.03 0.45
т  0.71 0.06 0.34 0.01 0.04 0.68 0.01 0.02 0.50 0.08 0.04 0.02 0.00 0.16 1.79 0.06 0.30 0.18 0.04 0.19 0.00 0.01 0.01 0.06 0.00 0.00 0.00 0.13 0.77 0.01 0.01 0.07
у  0.02 0.07 0.15 0.19 0.23 0.03 0.21 0.04 0.06 0.11 0.13 0.19 0.02 0.11 0.04 0.12 0.07 0.17 0.23 0.02 0.00 0.04 0.00 0.15 0.07 0.03 0.00 0.00 0.00 0.01 0.09 0.01
ф  0.02 0.00 0.00 0.00 0.00 0.04 0.00 0.00 0.05 0.00 0.00 0.00 0.00 0.00 0.01 0.00 0.01 0.00 0.00 0.01 0.00 0.00 0.00 0.00 0.00 0.00 0.00 0.00 0.03 0.00 0.00 0.00
х  0.06 0.01 0.05 0.01 0.02 0.01 0.00 0.01 0.04 0.02 0.02 0.02 0.00 0.04 0.28 0.04 0.02 0.04 0.01 0.02 0.00 0.00 0.00 0.01 0.00 0.00 0.00 0.00 0.00 0.00 0.00 0.00
ц  0.07 0.00 0.01 0.00 0.00 0.07 0.00 0.00 0.02 0.01 0.00 0.00 0.00 0.01 0.02 0.00 0.00 0.00 0.00 0.02 0.00 0.00 0.00 0.00 0.00 0.00 0.00 0.03 0.00 0.00 0.00 0.00
ч  0.34 0.00 0.01 0.00 0.00 0.47 0.00 0.00 0.20 0.03 0.00 0.00 0.00 0.11 0.01 0.01 0.04 0.01 0.57 0.08 0.00 0.00 0.00 0.00 0.02 0.00 0.00 0.00 0.02 0.00 0.00 0.00
ш  0.11 0.00 0.01 0.00 0.00 0.24 0.00 0.00 0.16 0.06 0.06 0.00 0.00 0.04 0.03 0.00 0.00 0.00 0.00 0.03 0.00 0.00 0.00 0.00 0.00 0.00 0.00 0.00 0.05 0.00 0.00 0.00
щ  0.04 0.00 0.00 0.00 0.00 0.17 0.00 0.00 0.06 0.00 0.00 0.00 0.00 0.01 0.00 0.00 0.00 0.00 0.00 0.01 0.00 0.00 0.00 0.00 0.00 0.00 0.00 0.00 0.00 0.00 0.00 0.00
ъ  0.00 0.00 0.00 0.00 0.00 0.00 0.00 0.00 0.00 0.00 0.00 0.00 0.00 0.00 0.00 0.00 0.00 0.00 0.00 0.00 0.00 0.00 0.00 0.00 0.00 0.00 0.00 0.00 0.00 0.00 0.00 0.02
ы  0.01 0.03 0.15 0.02 0.05 0.08 0.01 0.02 0.04 0.05 0.23 0.14 0.15 0.09 0.03 0.05 0.03 0.13 0.14 0.01 0.00 0.10 0.00 0.05 0.05 0.01 0.00 0.00 0.00 0.01 0.00 0.01
ь  0.02 0.05 0.16 0.03 0.06 0.12 0.01 0.05 0.14 0.22 0.03 0.09 0.00 0.32 0.09 0.11 0.03 0.23 0.10 0.04 0.00 0.02 0.01 0.08 0.05 0.01 0.00 0.00 0.00 0.03 0.04 0.08
э  0.00 0.00 0.00 0.00 0.00 0.00 0.00 0.00 0.00 0.01 0.00 0.00 0.00 0.00 0.00 0.00 0.00 0.00 0.34 0.00 0.00 0.00 0.00 0.00 0.00 0.00 0.00 0.00 0.00 0.00 0.00 0.00
ю  0.01 0.06 0.03 0.01 0.05 0.01 0.01 0.01 0.04 0.03 0.01 0.02 0.00 0.03 0.02 0.03 0.01 0.05 0.06 0.01 0.01 0.00 0.00 0.03 0.00 0.02 0.00 0.00 0.00 0.00 0.00 0.01
я  0.02 0.06 0.19 0.04 0.12 0.05 0.03 0.27 0.12 0.10 0.11 0.08 0.00 0.22 0.08 0.12 0.03 0.18 0.26 0.04 0.03 0.04 0.01 0.07 0.00 0.01 0.00 0.00 0.00 0.01 0.01 0.02
Entropy of the text: 4.12 bit/symbol